        Rank        RMSE       MaxAE  Feature_ID
           1    0.038996    0.180045  (      19      22)
           2    0.039127    0.179709  (      19      26)
           3    0.039207    0.167245  (       4      22)
           4    0.039330    0.167096  (       4      26)
           5    0.039459    0.182341  (       5      23)
           6    0.039538    0.253728  (       5      22)
           7    0.039625    0.207436  (       7      23)
           8    0.039648    0.202936  (       5      31)
           9    0.039705    0.201649  (       7      31)
          10    0.039750    0.189662  (       4      30)
          11    0.039784    0.173021  (       4      21)
          12    0.039790    0.201721  (       4      24)
          13    0.039855    0.253346  (       5      26)
          14    0.039982    0.228148  (      19      24)
          15    0.040003    0.178893  (       4      28)
          16    0.040074    0.241805  (       5      24)
          17    0.040077    0.212148  (       6      24)
          18    0.040160    0.204028  (      19      28)
          19    0.040187    0.209874  (       4      32)
          20    0.040207    0.224964  (       6      30)
          21    0.040215    0.244769  (       5      32)
          22    0.040228    0.214085  (      19      30)
          23    0.040281    0.212883  (       3      21)
          24    0.040295    0.191789  (      12      22)
          25    0.040304    0.226066  (       6      22)
          26    0.040317    0.217912  (       4      23)
          27    0.040341    0.255674  (       5      30)
          28    0.040375    0.273583  (       5      21)
          29    0.040408    0.198891  (      19      29)
          30    0.040416    0.225849  (       6      26)
          31    0.040416    0.236860  (      19      32)
          32    0.040441    0.298601  (       4      31)
          33    0.040441    0.234892  (       6      31)
          34    0.040456    0.275232  (       7      22)
          35    0.040470    0.215194  (       6      32)
          36    0.040480    0.193221  (       6      23)
          37    0.040495    0.244087  (      19      23)
          38    0.040521    0.262214  (       5      28)
          39    0.040522    0.192155  (      12      26)
          40    0.040524    0.230739  (       6      28)
          41    0.040636    0.199908  (       3      22)
          42    0.040674    0.227400  (       6      21)
          43    0.040770    0.264198  (       7      24)
          44    0.040813    0.172090  (       4      29)
          45    0.040826    0.267213  (       7      32)
          46    0.040832    0.274686  (       7      26)
          47    0.040841    0.200150  (       3      26)
          48    0.040916    0.321053  (      19      31)
          49    0.040945    0.492562  (       4      40)
          50    0.040953    0.198703  (       3      30)
          51    0.040963    0.273064  (       5      29)
          52    0.041016    0.186485  (       3      24)
          53    0.041020    0.185752  (      12      24)
          54    0.041104    0.237932  (       4      38)
          55    0.041112    0.225148  (       3      31)
          56    0.041113    0.293315  (       7      21)
          57    0.041126    0.190269  (      19      39)
          58    0.041133    0.177957  (      12      23)
          59    0.041140    0.255250  (       5      38)
          60    0.041146    0.276729  (       7      30)
          61    0.041158    0.164602  (       3      23)
          62    0.041219    0.249285  (       5      36)
          63    0.041221    0.188801  (       3      32)
          64    0.041227    0.191060  (      12      30)
          65    0.041244    0.194322  (      12      32)
          66    0.041274    0.225516  (       6      38)
          67    0.041287    0.225409  (       5      35)
          68    0.041316    0.316378  (       4      36)
          69    0.041316    0.199288  (       6      35)
          70    0.041316    0.196877  (      12      28)
          71    0.041324    0.205317  (       3      28)
          72    0.041346    0.265192  (      19      38)
          73    0.041354    0.211776  (       5      27)
          74    0.041363    0.245207  (      12      31)
          75    0.041378    0.237398  (       6      29)
          76    0.041380    0.282591  (       7      28)
          77    0.041399    0.220868  (       6      36)
          78    0.041410    0.348250  (      19      36)
          79    0.041456    0.239315  (      11      23)
          80    0.041494    0.165947  (       4      35)
          81    0.041504    0.175427  (      12      39)
          82    0.041538    0.163454  (       4      39)
          83    0.041540    0.179383  (      19      35)
          84    0.041541    0.283522  (       5      33)
          85    0.041553    0.238541  (      11      31)
          86    0.041580    0.482012  (       3      40)
          87    0.041591    0.192476  (      19      21)
          88    0.041610    0.194579  (       6      27)
          89    0.041624    0.206105  (      12      29)
          90    0.041657    0.215091  (       6      39)
          91    0.041673    0.251298  (      17      21)
          92    0.041679    0.421763  (       5      40)
          93    0.041682    0.226708  (       7      27)
          94    0.041687    0.247941  (       7      35)
          95    0.041716    0.235616  (      14      23)
          96    0.041718    0.508747  (      19      40)
          97    0.041794    0.193226  (       9      31)
          98    0.041813    0.205385  (      12      21)
          99    0.041831    0.292403  (       7      29)
         100    0.041831    0.228779  (      13      23)
