        Rank        RMSE       MaxAE  Feature_ID
           1    0.048967    0.300771  (       1)
           2    0.049156    0.242952  (       2)
           3    0.049427    0.241571  (       3)
           4    0.049480    0.185605  (       4)
           5    0.049500    0.301865  (       5)
           6    0.049567    0.252737  (       6)
           7    0.049614    0.320520  (       7)
           8    0.049800    0.312727  (       8)
           9    0.049817    0.268328  (       9)
          10    0.049856    0.311914  (      10)
          11    0.049857    0.285721  (      11)
          12    0.050006    0.232663  (      12)
          13    0.050052    0.275389  (      13)
          14    0.050106    0.270781  (      14)
          15    0.050157    0.340161  (      15)
          16    0.050193    0.318079  (      16)
          17    0.050218    0.279020  (      17)
          18    0.050231    0.326275  (      18)
          19    0.050275    0.174987  (      19)
          20    0.050286    0.328190  (      20)
