Model_ID, [(c_i,i=0,n)_j,j=1,ntask]
           1    0.2822158609E-01   -0.3693542734E-03
           2   -0.5867923460E-01   -0.1504936469E-02
           3   -0.3701300047E-01   -0.1069974829E-02
           4   -0.4381188988E-01   -0.1054014662E-02
           5   -0.3403185918E-01    0.1509702043E-03
           6   -0.4815286522E-01   -0.1135531519E-02
           7   -0.3348400593E-01    0.1590257756E-03
           8    0.3097326122E-01   -0.3674558025E-03
           9   -0.5500412513E-01   -0.1051356797E-02
          10    0.2996846125E+00    0.6050147856E-01
          11    0.2825337857E+00    0.8373184275E-01
          12   -0.4776550652E-01   -0.1110018185E-02
          13    0.2534040975E+00    0.9657809767E-02
          14    0.2550696028E+00    0.1035828254E+00
          15   -0.4054749006E-01   -0.1142679640E-02
          16    0.2485452448E+00    0.3113508052E-01
          17    0.5981591401E+00    0.5839000139E-01
          18   -0.7734215266E-01   -0.1576195711E-02
          19   -0.5470586543E-01   -0.1091919171E-02
          20    0.3410590301E+00    0.9587378323E-01
