Model_ID, [(c_i,i=0,n)_j,j=1,ntask]
           1   -0.2503526920E-01   -0.1056042182E-02    0.2306007918E-02
           2   -0.2524026782E-01   -0.1040788747E-02    0.2569321035E-02
           3   -0.1601680696E-01   -0.1019182197E-02    0.2197297653E-02
           4   -0.1634248605E-01   -0.1005157741E-02    0.2449321727E-02
           5   -0.8175285275E-02    0.1490129887E-03    0.1475759024E-02
           6   -0.6955553941E-02    0.1459737624E-03    0.2168986337E-02
           7   -0.7664549654E-02    0.1569596814E-03    0.1474253113E-02
           8   -0.8072955452E-02    0.1491214531E-03    0.1616684427E-02
           9   -0.7422425495E-02    0.1570908587E-03    0.1622811247E-02
          10   -0.9418274846E-02   -0.1045085573E-02    0.2162935859E-02
          11   -0.1326647750E-01   -0.1062074050E-02    0.2218447346E+00
          12   -0.1082874409E-01   -0.1058623726E-02    0.1725409206E-02
          13   -0.7656355289E-02    0.1440018716E-03    0.2397492893E-02
          14   -0.2048410770E-01   -0.1098231831E-02    0.1788401742E-02
          15   -0.1141364272E-01   -0.1033070249E-02    0.2051118538E-02
          16   -0.1439386032E-02    0.1515636436E-03    0.1704549532E-02
          17   -0.1548307276E-01   -0.1140151327E-02    0.1711034813E-02
          18   -0.2077353287E-01   -0.1070774607E-02    0.2128672687E-02
          19   -0.1214704773E-01   -0.1070931398E-02    0.1449918514E-02
          20   -0.1431440580E-01   -0.1125460806E-02    0.2128218210E-02
          21   -0.2216085061E-02    0.1533921685E-03    0.1449660681E-02
          22   -0.1936909032E-01   -0.1083297052E-02    0.2213054216E-02
          23   -0.7298154225E-02   -0.1077041858E-02    0.2159616028E+00
          24   -0.2040507939E-01   -0.1073191454E-02    0.2157093742E-02
          25   -0.2151872996E-01   -0.1097876066E-02    0.2103538573E-02
          26   -0.1896370875E-01   -0.1039492692E-02    0.1417169985E-02
          27   -0.6964818187E-03    0.1495952107E-03    0.2106198932E-02
          28   -0.4304890907E-02    0.1519662674E-03    0.2159101664E+00
          29   -0.2442207839E-01   -0.1058190157E-02    0.1616435148E-02
          30   -0.2176110321E-01   -0.1083369775E-02    0.2346134998E-02
          31   -0.2198648337E-01   -0.1111404311E-02    0.1502785130E-02
          32   -0.1880738982E-01   -0.1040290213E-02    0.1556064331E-02
          33   -0.2294975307E-01   -0.1120852041E-02    0.1564148570E-02
          34   -0.7465726891E-02    0.1537509430E-03    0.2094230742E-02
          35   -0.1685107843E-01   -0.1153304066E-02    0.1437331234E-02
          36   -0.2331976457E-01   -0.1119824434E-02    0.1413295791E-02
          37   -0.2867072923E-01   -0.1077648164E-02    0.1471255118E-02
          38   -0.2642703488E-02    0.1479247824E-03    0.2003490373E-02
          39   -0.2081383844E-01   -0.1058699099E-02    0.2393384837E-02
          40   -0.1634676194E-01   -0.1112672165E-02    0.2011287173E-02
          41   -0.1144172240E-01   -0.1034515290E-02    0.2053246336E-02
          42   -0.1886480715E-01   -0.1142568844E-02    0.2135675811E+00
          43   -0.1846780183E-02    0.1595005034E-03    0.1658358356E-02
          44   -0.1590556371E-01   -0.1021351971E-02    0.1514863768E-02
          45   -0.2471046711E-02    0.1614054965E-03    0.1415509106E-02
          46   -0.8255571770E-02    0.1517521535E-03    0.2306192365E-02
          47   -0.1194728943E-01   -0.1021231856E-02    0.2279427413E-02
          48   -0.2889691513E-01   -0.1078176608E-02    0.1593941211E-02
          49   -0.6639123888E-02   -0.1028150333E-02    0.4771734180E+00
          50   -0.4905841295E-02   -0.1059424100E-02    0.2032680651E-02
          51   -0.6622205286E-02    0.1462909670E-03    0.1505216817E-02
          52   -0.6222394023E-02   -0.1072315925E-02    0.1617738212E-02
          53   -0.1577720959E-01   -0.1113769887E-02    0.1677624143E-02
          54   -0.1371757017E-01   -0.1031323272E-02    0.1646586220E-02
          55   -0.1311825992E-01   -0.1055349161E-02    0.1498279762E-02
          56   -0.4739534685E-02    0.1598986618E-03    0.2093311760E+00
          57   -0.2008545562E-01   -0.1064318101E-02    0.4104261524E-03
          58   -0.2309706309E-01   -0.1094522239E-02    0.1405104277E-02
          59   -0.4170166978E-02    0.1477189183E-03    0.1645475824E-02
          60   -0.1353816249E-02    0.1574618812E-03    0.2036104329E-02
          61   -0.1349566750E-01   -0.1054416806E-02    0.1353072396E-02
          62   -0.5166259929E-02    0.1467346361E-03    0.1661775741E-02
          63   -0.7154523096E-02   -0.1084444654E-02    0.1368813170E-02
          64   -0.1478227681E-01   -0.1099558636E-02    0.2078192992E-02
          65   -0.1686476478E-01   -0.1126802694E-02    0.1419795127E-02
          66   -0.1807883605E-01   -0.1111043270E-02    0.1640832646E-02
          67   -0.3704884365E-02    0.1539570409E-03    0.8759446771E-03
          68   -0.1487437849E-01   -0.1024432298E-02    0.1651080249E-02
          69   -0.1801079042E-01   -0.1158159869E-02    0.8785158079E-03
          70   -0.1640706403E-01   -0.1087467524E-02    0.1985537322E-02
          71   -0.7103251276E-02   -0.1047894648E-02    0.1912850170E-02
          72   -0.2316667060E-01   -0.1068739236E-02    0.1708265524E-02
          73   -0.4141158351E-02    0.1524050520E-03    0.8026491555E-03
          74   -0.2309875966E-01   -0.1095248113E-02    0.1534049839E-02
          75   -0.2083043494E-01   -0.1100332341E-02    0.1479008042E-02
          76   -0.3351167874E-02    0.1557545423E-03    0.1930378138E-02
          77   -0.1905959328E-01   -0.1103652822E-02    0.1652908831E-02
          78   -0.2403460107E-01   -0.1061337309E-02    0.1726616070E-02
          79    0.3017587816E+00    0.8252726972E-01    0.1369013008E-02
          80   -0.1410056920E-01   -0.1074221493E-02    0.8644755360E-03
          81   -0.1459007904E-01   -0.1081716826E-02    0.3962618184E-03
          82   -0.1197910280E-01   -0.1027025729E-02    0.3823241390E-03
          83   -0.2357706720E-01   -0.1115578452E-02    0.9091696924E-03
          84    0.3434133909E-02    0.1580321524E-03    0.6291026438E+00
          85    0.3021792468E+00    0.8259081291E-01    0.1504360732E-02
          86   -0.1474502352E-02   -0.1043520032E-02    0.4594515120E+00
          87   -0.2555168911E-01   -0.1098584544E-02    0.2129229801E+00
          88   -0.1871271780E-01   -0.1145909601E-02    0.7946528306E-03
          89   -0.2001435589E-01   -0.1075544983E-02    0.1501241351E-02
          90   -0.1623893248E-01   -0.1106442250E-02    0.3819945570E-03
          91    0.6308624207E+00    0.5872963900E-01    0.2112257886E+00
          92    0.1406414026E-02    0.1472360736E-03    0.4591380092E+00
          93   -0.3939720939E-02    0.1604740128E-03    0.7939053680E-03
          94   -0.3637781583E-02    0.1620615945E-03    0.8627621760E-03
          95    0.2747507328E+00    0.1020947269E+00    0.1371941293E-02
          96   -0.1688894429E-01   -0.1065111640E-02    0.4817835328E+00
          97   -0.3117053018E-01   -0.1036774152E-02    0.1480720209E-02
          98   -0.1948014450E-01   -0.1115649934E-02    0.2067389092E+00
          99   -0.7257058918E-02    0.1541005531E-03    0.1446879177E-02
         100    0.2728115562E+00    0.9517641510E-02    0.1358691531E-02
